385.254028
349.996429
1.263070
76.168509
0.000000
1.000000
0.115323
1.000000
0.363710
0.812121
0.604032
0.460606
0.791935
0.200000
1.000000
0.606061
0.000000
1.000000
0.083065
1.000000
0.319355
0.569697
0.663581
0.000000
0.774075
0.000000
1.000000
0.290598
0.000000
1.000000
0.051755
0.934195
0.115509
0.587701
0.334362
0.000000
0.712794
0.000000
1.000000
0.000000
0.000000
1.000000
0.171775
1.000000
0.376360
1.000000
0.598100
1.000000
0.804839
1.000000
1.000000
1.000000
1.109262
1.534007
0.726049
0.710140
